 0 00000000000000000000000000000000  0        ; JMP 0
 1 00011000000000100000000000000000  16408    ; LDN 24
 2 01011000000001100000000000000000  24602    ; STO 26
 3 01011000000000100000000000000000  16410    ; LDN 26
 4 11011000000001100000000000000000  24603    ; STO 27
 5 11101000000000100000000000000000  16407    ; LDN 23
 6 11011000000000010000000000000000  32795    ; SUB 27
 7 00000000000000110000000000000000  49152    ; CMP
 8 00101000000001000000000000000000  8212     ; JRP 20
 9 01011000000000010000000000000000  32794    ; SUB 26
10 10011000000001100000000000000000  24601    ; STO 25
11 10011000000000100000000000000000  16409    ; LDN 25
12 00000000000000110000000000000000  49152    ; CMP
13 00000000000001110000000000000000  57344    ; STP
14 01011000000000100000000000000000  16410    ; LDN 26
15 10101000000000010000000000000000  32789    ; SUB 21
16 11011000000001100000000000000000  24603    ; STO 27
17 11011000000000100000000000000000  16411    ; LDN 27
18 01011000000001100000000000000000  24602    ; STO 26
19 01101000000000000000000000000000  22       ; JMP 22
20 10111111111111111111111111111111  -3       ; STP
21 10000000000000000000000000000000  1        ; num 1
22 00100000000000000000000000000000  4        ; num 4 
23 00000000000000000011111111111111  -262144  ; num -262144
24 11111111111111111100000000000000  262143   ; num 262143
25 00000000000000000000000000000000  0   
26 00000000000000000000000000000000  0   
27 00000000000000000000000000000000  0   
28 00000000000000000000000000000000  0   
29 00000000000000000000000000000000  0   
30 00000000000000000000000000000000  0   
31 00000000000000000000000000000000  0   
